20 (0.011223793029785156, 0.00013375282287597656)
40 (0.08329916000366211, 7.557868957519531e-05)
60 (0.1918187141418457, 9.369850158691406e-05)
80 (0.45684027671813965, 0.00015997886657714844)
100 (0.900763988494873, 0.00020956993103027344)
120 (1.5203289985656738, 0.0002048015594482422)
140 (2.4309005737304688, 0.0003361701965332031)
160 (3.6366963386535645, 0.0003752708435058594)
180 (5.070348024368286, 0.00045800209045410156)
200 (7.0089733600616455, 0.0006868839263916016)
220 (9.392003536224365, 0.0009732246398925781)
240 (12.15545105934143, 0.0008091926574707031)
260 (15.237433671951294, 0.0010464191436767578)
280 (19.22891092300415, 0.001163482666015625)
300 (23.50667142868042, 0.0012660026550292969)
320 (28.506782293319702, 0.0014584064483642578)
340 (34.33692812919617, 0.0018706321716308594)
360 (41.202181577682495, 0.0018548965454101562)
380 (47.90309762954712, 0.002348184585571289)
400 (56.23722219467163, 0.002149820327758789)
420 (67.53226804733276, 0.002616405487060547)
440 (78.82197046279907, 0.0029485225677490234)
460 (87.5220263004303, 0.0038611888885498047)
480 (102.99617052078247, 0.0033545494079589844)
500 (114.24426531791687, 0.005746364593505859)
